28.0
22.0
14.0
11.0
31.0
15.0
12.0
16.0
10.0
23.0
58.0
22.0
9.0
33.0
44.0
42.0
11.0
11.0
22.0
20.0
23.0
14.0
11.0
18.0
66.0
9.0
28.0
19.0
11.0
18.0
16.0
13.0
18.0
19.0
14.0
12.0
17.0
22.0
13.0
33.0
14.0
14.0
18.0
16.0
28.0
31.0
37.0
12.0
12.0
9.0
20.0
9.0
14.0
11.0
14.0
11.0
19.0
12.0
18.0
11.0
10.0
14.0
11.0
16.0
9.0
11.0
10.0
11.0
13.0
20.0
13.0
13.0
15.0
13.0
21.0
14.0
9.0
13.0
17.0
15.0
15.0
11.0
10.0
9.0
11.0
12.0
11.0
13.0
10.0
13.0
11.0
10.0
20.0
10.0
12.0
12.0
12.0
14.0
10.0
14.0
11.0
9.0
18.0
13.0
10.0
17.0
10.0
11.0
12.0
15.0
11.0
12.0
12.0
13.0
15.0
8.0
14.0
15.0
11.0
14.0
14.0
14.0
10.0
11.0
9.0
9.0
12.0
19.0
9.0
8.0
12.0
19.0
12.0
10.0
15.0
9.0
10.0
13.0
13.0
8.0
9.0
11.0
9.0
13.0
27.0
30.0
29.0
11.0
25.0
24.0
27.0
26.0
31.0
31.0
35.0
10.0
10.0
13.0
13.0
28.0
25.0
29.0
27.0
12.0
15.0
11.0
12.0
35.0
11.0
27.0
11.0
29.0
22.0
29.0
11.0
29.0
31.0
13.0
10.0
9.0
31.0
11.0
36.0
29.0
31.0
13.0
11.0
27.0
31.0
59.0
35.0
38.0
40.0
11.0
28.0
11.0
33.0
112.0
54.0
73.0
43.0
52.0
51.0
42.0
17.0
73.0
80.0
74.0
94.0
52.0
33.0
46.0
10.0
91.0
53.0
38.0
89.0
110.0
42.0
44.0
45.0
74.0
72.0
41.0
55.0
39.0
62.0
119.0
102.0
59.0
71.0
37.0
68.0
182.0
197.0
86.0
16.0
103.0
101.0
223.0
202.0
74.0
38.0
22.0
202.0
75.0
211.0
12.0
45.0
74.0
170.0
43.0
24.0
222.0
150.0
100.0
180.0
51.0
96.0
155.0
301.0
19.0
75.0
42.0
79.0
102.0
124.0
143.0
58.0
82.0
93.0
67.0
311.0
99.0
199.0
24.0
81.0
79.0
85.0
68.0
25.0
199.0
183.0
108.0
214.0
254.0
132.0
155.0
396.0
242.0
95.0
131.0
162.0
124.0
73.0
168.0
115.0
153.0
251.0
279.0
107.0
70.0
115.0
73.0
432.0
107.0
275.0
114.0
99.0
81.0
101.0
201.0
109.0
117.0
101.0
100.0
160.0
80.0
155.0
223.0
143.0
321.0
272.0
194.0
475.0
304.0
500.0
104.0
369.0
130.0
154.0
133.0
414.0
110.0
88.0
160.0
224.0
57.0
100.0
85.0
119.0
94.0
86.0
114.0
205.0
246.0
393.0
150.0
500.0
183.0
323.0
28.0
81.0
263.0
86.0
109.0
147.0
290.0
500.0
281.0
198.0
217.0
89.0
103.0
114.0
167.0
93.0
99.0
116.0
129.0
111.0
88.0
406.0
119.0
96.0
134.0
131.0
92.0
94.0
99.0
111.0
91.0
103.0
122.0
29.0
404.0
121.0
138.0
500.0
56.0
267.0
480.0
236.0
98.0
205.0
119.0
225.0
253.0
156.0
115.0
161.0
425.0
88.0
121.0
162.0
97.0
108.0
236.0
59.0
30.0
62.0
500.0
111.0
500.0
500.0
126.0
480.0
207.0
498.0
87.0
88.0
211.0
110.0
185.0
190.0
122.0
38.0
95.0
156.0
75.0
98.0
101.0
89.0
121.0
154.0
129.0
97.0
110.0
86.0
87.0
154.0
96.0
441.0
110.0
165.0
130.0
139.0
81.0
106.0
75.0
144.0
354.0
93.0
133.0
186.0
100.0
107.0
126.0
188.0
131.0
106.0
121.0
119.0
131.0
175.0
294.0
206.0
75.0
131.0
127.0
100.0
78.0
111.0
214.0
108.0
36.0
108.0
137.0
105.0
102.0
116.0
101.0
102.0
124.0
110.0
75.0
247.0
321.0
111.0
404.0
134.0
183.0
242.0
145.0
79.0
159.0
238.0
90.0
126.0
32.0
68.0
33.0
27.0
13.0
19.0
10.0
13.0
15.0
17.0
10.0
10.0
15.0
9.0
11.0
15.0
20.0
49.0
32.0
15.0
18.0
30.0
15.0
28.0
25.0
36.0
13.0
11.0
15.0
21.0
17.0
26.0
11.0
17.0
12.0
14.0
11.0
27.0
23.0
12.0
30.0
16.0
16.0
23.0
13.0
14.0
17.0
25.0
14.0
19.0
13.0
12.0
12.0
17.0
13.0
26.0
14.0
10.0
16.0
13.0
18.0
15.0
13.0
19.0
17.0
9.0
23.0
10.0
10.0
9.0
19.0
11.0
14.0
12.0
10.0
9.0
9.0
10.0
17.0
11.0
11.0
12.0
16.0
17.0
12.0
15.0
11.0
10.0
11.0
14.0
9.0
13.0
12.0
12.0
11.0
13.0
12.0
10.0
12.0
18.0
10.0
14.0
13.0
14.0
9.0
17.0
10.0
10.0
14.0
13.0
9.0
16.0
10.0
11.0
13.0
17.0
9.0
11.0
11.0
17.0
14.0
15.0
14.0
12.0
11.0
12.0
14.0
11.0
11.0
11.0
12.0
10.0
9.0
9.0
16.0
9.0
11.0
11.0
9.0
9.0
10.0
12.0
10.0
17.0
17.0
13.0
9.0
9.0
12.0
10.0
10.0
10.0
28.0
15.0
10.0
14.0
14.0
10.0
10.0
13.0
12.0
12.0
32.0
10.0
10.0
9.0
15.0
32.0
26.0
16.0
11.0
11.0
9.0
11.0
